0.0 1.0981501410479229
0.2 0.9204139900570522
0.4 0.9117511107385388
0.6 0.7232300044209135
0.8 0.7418842218840357
1.0 0.6117598790626873
1.2 0.6441172633694129
1.4 0.5588143185296968
1.6 0.37208144464517207
1.8 0.371821100202616
2.0 0.4485373863532236
2.2 0.32210809541102325
2.4 0.3983050250962514
2.6 0.19393083833220928
2.8 0.2729883520205377
3.0 0.2770676660215884
3.2 0.1417544035539918
3.4 0.15483186450676972
3.6 0.16838896348962007
3.8 0.2349171099122503
4.0 0.08258906026857732
4.2 0.17887847314164962
4.4 0.01754817726393937
4.6 0.05137155934456633
4.8 0.12508433706678887
5.0 0.05576266701547357
